学籍番号:201611350
氏名:江畑 拓哉
演習番号:6

課題1を実行した結果を以下に示す。
λ ./ex6_1 ex6_data.txt 
[926324, 549179, 85992, 186367, 733553, 968429, 660364, 659467, 84634, 307444, 188999, 445341, 585953, 522381, 33684, 151182, 253094, 787262, 18289, 483794]
Best value under standard 1: 968429
best value under standard 2: 151182
best value under standard 3: 188999
[926325, 549180, 85993, 186368, 733554, 968430, 660365, 659468, 84635, 307445, 189000, 445342, 585954, 522382, 33685, 151183, 253095, 787263, 18290, 483795]
[-926325, -549180, -85993, -186368, -733554, -968430, -660365, -659468, -84635, -307445, -189000, -445342, -585954, -522382, -33685, -151183, -253095, -787263, -18290, -483795]
[-2778975, -1647540, -257979, -559104, -2200662, -2905290, -1981095, -1978404, -253905, -922335, -567000, -1336026, -1757862, -1567146, -101055, -453549, -759285, -2361789, -54870, -1451385]
[2778975, 1647540, 257979, 559104, 2200662, 2905290, 1981095, 1978404, 253905, 922335, 567000, 1336026, 1757862, 1567146, 101055, 453549, 759285, 2361789, 54870, 1451385]
[1, 0, 1, 0, 0, 0, 1, 0, 1, 1, 0, 0, 0, 0, 1, 1, 1, 1, 0, 1]

課題2を実行した結果を以下に示す。
pentas-compf:temp s1611350$ ./ex6_2
Hello
safe
world
z = 12345678
789012345678fUD3
1234567890123456789012345678fUD3
world
z = 33445566
pentas-compf:temp s1611350$ 
